98
94
353
425
444
145
390
224
264
119
131
104
1233
82
117
84
83
88
123
121
87
82
91
125
122
92
121
128
78
117
124
73
0
77
106
96
95
104
127
69
72
109
73
82
78
95
99
99
90
99
109
117
131
120
102
89
74
129
126
70
128
118
121
107
127
357
447
438
413
241
122
97
129
99
107
126
119
74
103
101
124
281
230
208
234
134
119
113
0
235
212
440
299
112
109
120
77
114
115
91
74
112
87
107
93
70
81
71
104
113
90
107
122
109
130
102
115
109
105
95
119
99
54
56
53
60
54
50
60
50
53
51
57
59
52
56
51
56
52
50
56
51
297
487
0
202
346
311
282
417
333
228
410
429
407
417
338
401
445
304
393
328
151
351
456
139
334
284
351
173
306
361
223
180
283
202
305
469
454
148
195
306
273
443
229
361
321
359
214
474
156
203
324
358
220
260
384
263
393
154
413
409
200
320
204
337
251
289
262
289
371
471
260
421
6
12
0
0
16
14
12
11
10
17
16
17
20
426
400
414
423
444
406
435
422
-1






















